new_eps: 3.928571428571427e-08
 Lần lặp        x1        x2         x3     sai_số_x1     sai_số_x2     sai_số_x3   tổng_sai_số
       0 0.0000000 0.0000000  0.0000000           NaN           NaN           NaN           NaN
       1 0.5000000 0.0143959 -0.5069450 5.0000000e-01 1.4395890e-02 5.0694500e-01 1.0213409e+00
       2 0.4999911 0.0008906 -0.5065864 8.8765781e-06 1.3505334e-02 3.5860510e-04 1.3872815e-02
       3 0.5000000 0.0009092 -0.5069227 8.8426562e-06 1.8638370e-05 3.3634653e-04 3.6382756e-04
       4 0.5000000 0.0008917 -0.5069223 1.4817160e-09 1.7449866e-05 4.6614319e-07 1.7917491e-05
       5 0.5000000 0.0008918 -0.5069227 1.3459966e-09 2.4842697e-08 4.3605032e-07 4.6223902e-07
       6 0.5000000 0.0008917 -0.5069227 1.9562130e-12 2.3241375e-08 6.2085059e-10 2.3864182e-08
Nghiệm xấp xỉ: [ 0.49999997  0.00089175 -0.50692271]
new_eps: 1.403846153846154e-06
 Lần lặp        x1         x2         x3     sai_số_x1     sai_số_x2     sai_số_x3  tổng_sai_số
       0 0.0000000  0.0000000  0.0000000           NaN           NaN           NaN          NaN
       1 0.5000000 -0.2143959 -0.5235988 5.0000000e-01 2.1439589e-01 5.2359878e-01    1.2379947
       2 0.4979019 -0.2000000 -0.5292565 2.0980836e-03 1.4395890e-02 5.6577288e-03    0.0221517
       3 0.4981343 -0.1995679 -0.5288341 2.3241025e-04 4.3213059e-04 4.2236546e-04    0.0010869
       4 0.4981453 -0.1996048 -0.5288248 1.1006918e-05 3.6949920e-05 9.3216741e-06    0.0000573
       5 0.4981447 -0.1996060 -0.5288260 6.2086067e-07 1.1783710e-06 1.1378370e-06    0.0000029
       6 0.4981447 -0.1996059 -0.5288260 2.9861656e-08 9.9216031e-08 2.5574195e-08    0.0000002
Nghiệm xấp xỉ: [ 0.49814468 -0.1996059  -0.52882598]
new_eps: 1.352941176470588e-06
 Lần lặp        x1        x2        x3  sai_số_x1  sai_số_x2  sai_số_x3  tổng_sai_số
       0 0.0000000 0.0000000 0.0000000        NaN        NaN        NaN          NaN
       1 0.8666667 1.1000000 0.6666667  0.8666667  1.1000000  0.6666667    2.6333333
       2 0.8304444 1.0915556 0.7070000  0.0362222  0.0084444  0.0403333    0.0850000
       3 0.8372187 1.1017362 0.7063831  0.0067742  0.0101806  0.0006169    0.0175717
       4 0.8356429 1.1005448 0.7071274  0.0015758  0.0011914  0.0007443    0.0035115
       5 0.8359230 1.1008828 0.7070400  0.0002801  0.0003380  0.0000875    0.0007056
       6 0.8358610 1.1008273 0.7070648  0.0000620  0.0000556  0.0000248    0.0001424
       7 0.8358727 1.1008401 0.7070607  0.0000117  0.0000128  0.0000041    0.0000286
       8 0.8358702 1.1008378 0.7070616  0.0000025  0.0000024  0.0000009    0.0000058
       9 0.8358707 1.1008383 0.7070615  0.0000005  0.0000005  0.0000002    0.0000012
Nghiệm xấp xỉ: [0.8358707  1.10083826 0.70706146]
new_eta: 5.75424680604918e-05
 Lần lặp         x1         x2  sai_số_x1     sai_số_x2  tổng_sai_số  sai_số_tương_đối
       0  1.0000000  1.0000000        NaN           NaN          NaN               NaN
       1  0.2804903 -0.1040367  0.7195097 1.1040367e+00    1.8235464               NaN
       2 -0.0097257  0.2489994  0.2902160 3.5303613e-01    0.6432522         2.4862376
       3 -0.0008072  0.2495182  0.0089185 5.1875521e-04    0.0094372         0.0376999
       4 -0.0000671  0.2495156  0.0007401 2.5580591e-06    0.0007427         0.0029756
       5 -0.0000056  0.2495156  0.0000616 2.9922161e-08    0.0000616         0.0002468
       6 -0.0000005  0.2495156  0.0000051 1.6263033e-10    0.0000051         0.0000205
Nghiệm xấp xỉ: [-4.64442769e-07  2.49515648e-01]
