
Ma trận A:
 0.04  0.07 -0.01  0.00 -0.05
-0.10  0.04 -0.02 -0.01  0.04
-0.05 -0.04  0.06  0.03  0.03
-0.10  0.09  0.06  0.04 -0.07
-0.08 -0.10 -0.07  0.05 -0.08

Kiểm tra chéo trội của A: 0

Ma trận B:
-7.0
 6.0
-4.0
 1.0
-7.0
q: 0.990000000000, s: 0.000000000000, ngưỡng: 0.000000000001
⚠️ Gauss-Seidel không hội tụ sau 5 lần lặp
                   x1            x2            x3            x4             x5         sai_số
Lần lặp                                                                                      
0              0.0000        0.0000        0.0000        0.0000         0.0000            NaN
1           -175.0000     -287.5000     -404.1667      840.6250      1500.9115      1500.9115
2           2103.2227     3915.2181     3125.3961    -5587.6831    -13136.7688     14637.6802
3         -22666.2436   -43213.0630   -38401.6858    75201.9661    157372.7762    170509.5450
4         262563.4092   498785.3953   434972.4000  -842889.8581  -1793364.6646   1950737.4409
5       -3006012.1726 -5714752.0313 -4996784.2366  9699974.8309  20584210.1880  22377574.8526
Nghiệm xấp xỉ:
x1   -3.006012172556e+06
x2   -5.714752031291e+06
x3   -4.996784236625e+06
x4    9.699974830862e+06
x5    2.058421018800e+07

Ma trận A:
 0.04  0.07 -0.01  0.00 -0.05
-0.10  0.04 -0.02 -0.01  0.04
-0.05 -0.04  0.06  0.03  0.03
-0.10  0.09  0.06  0.04 -0.07
-0.08 -0.10 -0.07  0.05 -0.08

Kiểm tra chéo trội của A: 0

Ma trận B:
-7.0
 6.0
-4.0
 1.0
-7.0

Ma trận C:
0.00 -1.75  0.166666666667  0.00 -0.625
2.50  0.00  0.333333333333  0.25  0.500
1.25  1.00  0.000000000000 -0.75  0.375
2.50 -2.25 -1.000000000000  0.00 -0.875
2.00  2.50  1.166666666667 -1.25  0.000

Ma trận D:
-7.0
 6.0
-4.0
 1.0
-7.0

Ma trận T:
25.0  0.0  0.000000000000  0.0   0.0
 0.0 25.0  0.000000000000  0.0   0.0
 0.0  0.0 16.666666666667  0.0   0.0
 0.0  0.0  0.000000000000 25.0   0.0
 0.0  0.0  0.000000000000  0.0 -12.5
q: 2.375000000000, s: 8.250000000000, ngưỡng: 0.000004197368
Gauss-Seidel_2 không hội tụ sau 1000 lần lặp
                         y1                  y2                  y3                  y4                   y5                   x1                   x2                   x3                   x4                  x5              sai_số
Lần lặp                                                                                                                                                                                                                                 
0            0.040000000000      0.040000000000      0.060000000000      0.040000000000      -0.080000000000       1.000000000000       1.000000000000       1.000000000000       1.000000000000  1.000000000000e+00                 NaN
1           -7.010000000000    -11.535000000000    -24.357500000000     33.856250000000    -120.594895833333    -175.250000000000    -288.375000000000    -405.958333333333     846.406250000000  1.507436197917e+03  3.224425781250e+03
2           84.498476562500    157.293639322917    188.301461588542   -224.445424804688    1055.472870958116    2112.461914062500    3932.340983072917    3138.357693142362   -5611.135620117188 -1.319341088698e+04  3.121113287862e+04
3         -910.550836232503  -1735.984857440525  -2314.037007518345   3021.087084089915  -12644.132513283448  -22763.770905812580  -43399.621436013113  -38567.283458639082   75527.177102247864  1.580516564160e+05  3.662972164161e+05
4        10547.883486736682  20037.568562049681  26211.057914921803 -33861.262513568858  144088.834087967407  263697.087168417056  500939.214051241986  436850.965248696739 -846531.562839221442 -1.801110426100e+06  4.187438764726e+06
...                     ...                 ...                 ...                 ...                  ...                  ...                  ...                  ...                  ...                 ...                 ...
996                     NaN                 NaN                 NaN                 NaN                  NaN                  NaN                  NaN                  NaN                  NaN                 NaN                 NaN
997                     NaN                 NaN                 NaN                 NaN                  NaN                  NaN                  NaN                  NaN                  NaN                 NaN                 NaN
998                     NaN                 NaN                 NaN                 NaN                  NaN                  NaN                  NaN                  NaN                  NaN                 NaN                 NaN
999                     NaN                 NaN                 NaN                 NaN                  NaN                  NaN                  NaN                  NaN                  NaN                 NaN                 NaN
1000                    NaN                 NaN                 NaN                 NaN                  NaN                  NaN                  NaN                  NaN                  NaN                 NaN                 NaN

[1001 rows x 11 columns]
Nghiệm xấp xỉ:
x1   NaN
x2   NaN
x3   NaN
x4   NaN
x5   NaN
