
Ma trận A:
 2.0  1.0  3.0 -5.0
-2.0  2.0  1.0  6.0
 3.0  0.0  0.0  2.0
 0.0  0.0  0.0  1.0
Bước 1:
 2.0 0.0 0.0 0.0
-2.0 0.0 0.0 0.0
 3.0 0.0 0.0 0.0
 0.0 0.0 0.0 0.0
1.0 0.5 1.5 -2.5
0.0 1.0 0.0  0.0
0.0 0.0 1.0  0.0
0.0 0.0 0.0  1.0
Bước 2:
 2.0  0.0 0.0 0.0
-2.0  3.0 0.0 0.0
 3.0 -1.5 0.0 0.0
 0.0  0.0 0.0 0.0
1.0 0.5 1.500000000000 -2.500000000000
0.0 1.0 1.333333333333  0.333333333333
0.0 0.0 1.000000000000  0.000000000000
0.0 0.0 0.000000000000  1.000000000000
Bước 3:
 2.0  0.0  0.0 0.0
-2.0  3.0  0.0 0.0
 3.0 -1.5 -2.5 0.0
 0.0  0.0  0.0 0.0
1.0 0.5 1.500000000000 -2.500000000000
0.0 1.0 1.333333333333  0.333333333333
0.0 0.0 1.000000000000 -4.000000000000
0.0 0.0 0.000000000000  1.000000000000
Bước 4:
 2.0  0.0  0.0 0.0
-2.0  3.0  0.0 0.0
 3.0 -1.5 -2.5 0.0
 0.0  0.0  0.0 1.0
1.0 0.5 1.500000000000 -2.500000000000
0.0 1.0 1.333333333333  0.333333333333
0.0 0.0 1.000000000000 -4.000000000000
0.0 0.0 0.000000000000  1.000000000000

Ma trận tam giác dưới L:
 2.0  0.0  0.0 0.0
-2.0  3.0  0.0 0.0
 3.0 -1.5 -2.5 0.0
 0.0  0.0  0.0 1.0

Ma trận tam giác trên U:
1.0 0.5 1.500000000000 -2.500000000000
0.0 1.0 1.333333333333  0.333333333333
0.0 0.0 1.000000000000 -4.000000000000
0.0 0.0 0.000000000000  1.000000000000

L × U:
 2.0 1.0 3.0 -5.0
-2.0 2.0 1.0  6.0
 3.0 0.0 0.0  2.0
 0.0 0.0 0.0  1.0

Kiểm tra thành công: LU = A
