
Ma trận A:
 14.4   0.2   0.6  -0.1   0.9   0.4   0.9
  0.4  16.3  -0.4  -0.7  -0.5   0.1  -0.6
  0.7   0.9  18.6  -0.3   0.6  -0.2   0.4
 -0.3  -1.0  -0.1  19.7  -0.7   0.3  -0.6
  0.6  -0.1  -1.0  -0.6  20.6   0.3  -0.8
  0.4  -0.2  -0.7   0.5  -0.9  22.9   0.2
 -1.0  -0.1   0.5  -0.5   0.2   0.3  23.9

Kiểm tra chéo trội của A: 3

Ma trận B:
-10.0
 -3.0
 -7.0
  6.0
 -4.0
  1.0
 -7.0

=== Trường hợp chéo trội hàng ===

Ma trận C:
       0.0 -0.0138889 -0.0416667  0.0069444    -0.0625 -0.0277778    -0.0625
-0.0245399        0.0  0.0245399  0.0429448  0.0306748  -0.006135  0.0368098
-0.0376344 -0.0483871        0.0   0.016129 -0.0322581  0.0107527 -0.0215054
 0.0152284  0.0507614  0.0050761        0.0   0.035533 -0.0152284  0.0304569
-0.0291262  0.0048544  0.0485437  0.0291262        0.0 -0.0145631   0.038835
-0.0174672  0.0087336  0.0305677 -0.0218341  0.0393013        0.0 -0.0087336
  0.041841  0.0041841 -0.0209205  0.0209205 -0.0083682 -0.0125523        0.0

Ma trận D:
-0.6944444
-0.1840491
-0.3763441
 0.3045685
-0.1941748
 0.0436681
 -0.292887
Hệ số co (q): 0.215277777778, Hệ số phụ (α): 1.000000000000, Ngưỡng dừng: 0.000003645161
                x1         x2         x3         x4         x5         x6         x7     sai số
Lần lặp                                                                                        
0        0.0000000  0.0000000  0.0000000  0.0000000  0.0000000  0.0000000  0.0000000        NaN
1       -0.6944444 -0.1840491 -0.3763441  0.3045685 -0.1941748  0.0436681 -0.2928870  1.0000000
2       -0.6448638 -0.1801686 -0.3233592  0.2662552 -0.1962501  0.0309634 -0.3073916  0.0821645
3       -0.6460023 -0.1822500 -0.3257886  0.2671542 -0.1965974  0.0326326 -0.3070340  0.0037607
4       -0.6459129 -0.1822509 -0.3256091  0.2669920 -0.1966765  0.0325236 -0.3070388  0.0002779
Nghiệm xấp xỉ:
x1   -0.6459129
x2   -0.1822509
x3   -0.3256091
x4    0.2669920
x5   -0.1966765
x6    0.0325236
x7   -0.3070388

Ma trận A:
 14.4   0.2   0.6  -0.1   0.9   0.4   0.9
  0.4  16.3  -0.4  -0.7  -0.5   0.1  -0.6
  0.7   0.9  18.6  -0.3   0.6  -0.2   0.4
 -0.3  -1.0  -0.1  19.7  -0.7   0.3  -0.6
  0.6  -0.1  -1.0  -0.6  20.6   0.3  -0.8
  0.4  -0.2  -0.7   0.5  -0.9  22.9   0.2
 -1.0  -0.1   0.5  -0.5   0.2   0.3  23.9

Kiểm tra chéo trội của A: 3

Ma trận B:
-10.0
 -3.0
 -7.0
  6.0
 -4.0
  1.0
 -7.0

=== Trường hợp chéo trội cột ===

Ma trận C:
       0.0 -0.0122699 -0.0322581  0.0050761 -0.0436893 -0.0174672 -0.0376569
-0.0277778        0.0  0.0215054   0.035533  0.0242718 -0.0043668  0.0251046
-0.0486111 -0.0552147        0.0  0.0152284 -0.0291262  0.0087336 -0.0167364
 0.0208333  0.0613497  0.0053763        0.0  0.0339806 -0.0131004  0.0251046
-0.0416667   0.006135  0.0537634  0.0304569        0.0 -0.0131004  0.0334728
-0.0277778  0.0122699  0.0376344 -0.0253807  0.0436893        0.0 -0.0083682
 0.0694444   0.006135 -0.0268817  0.0253807 -0.0097087 -0.0131004        0.0

Ma trận D:
-10.0
 -3.0
 -7.0
  6.0
 -4.0
  1.0
 -7.0
Hệ số co (q): 0.236111111111, Hệ số phụ (α): 1.659722222222, Ngưỡng dừng: 0.000001949299
                 y1         y2         y3         y4         y5         y6         y7         x1         x2         x3         x4         x5         x6         x7     sai số
Lần lặp                                                                                                                                                                      
0         0.0000000  0.0000000  0.0000000  0.0000000  0.0000000  0.0000000  0.0000000  0.0000000  0.0000000  0.0000000  0.0000000  0.0000000  0.0000000  0.0000000        NaN
1       -10.0000000 -3.0000000 -7.0000000  6.0000000 -4.0000000  1.0000000 -7.0000000 -0.6944444 -0.1840491 -0.3763441  0.3045685 -0.1941748  0.0436681 -0.2928870  2.0901360
2        -9.2860385 -2.9367483 -6.0144809  5.2452282 -4.0427513  0.7090630 -7.3466585 -0.6448638 -0.1801686 -0.3233592  0.2662552 -0.1962501  0.0309634 -0.3073916  0.1740438
3        -9.3024332 -2.9706758 -6.0596677  5.2629373 -4.0499069  0.7472860 -7.3381125 -0.6460023 -0.1822500 -0.3257886  0.2671542 -0.1965974  0.0326326 -0.3070340  0.0089224
4        -9.3011462 -2.9706890 -6.0563285  5.2597420 -4.0515367  0.7447909 -7.3382262 -0.6459129 -0.1822509 -0.3256091  0.2669920 -0.1966765  0.0325236 -0.3070388  0.0006247
Nghiệm xấp xỉ:
x1   -0.6459129
x2   -0.1822509
x3   -0.3256091
x4    0.2669920
x5   -0.1966765
x6    0.0325236
x7   -0.3070388
