Ma trận A (5x5):
6.7562 4.4584 5.1176 3.5945 3.4311
4.4584 4.3051 4.3327 1.9363 1.5788
5.1176 4.3327 5.1287 3.5097 3.3354
3.5945 1.9363 3.5097 4.8411 4.8972
3.4311 1.5788 3.3354 4.8972 5.0688

======================================================================
CASE 1 - Lũy thừa thường (trị riêng trội thực, bội đơn)
======================================================================
 Lần lặp         y1        y2        y3        y4        y5     lambda        x1        x2        x3        x4        x5
       0  1.0000000 1.0000000 1.0000000 1.0000000 1.0000000  2.2360680 0.4472136 0.4472136 0.4472136 0.4472136 0.4472136
       1 10.4459257 7.4287992 9.5811488 8.3981347 8.1890623 19.8416794 0.5264638 0.3744038 0.4828799 0.4232573 0.4127202
       2 10.6348052 7.5223613 9.6550495 8.3822999 8.1728279 19.9990763 0.5317648 0.3761354 0.4827748 0.4191344 0.4086603
       3 10.6490526 7.5386019 9.6611300 8.3644967 8.1526298 20.0000113 0.5324523 0.3769299 0.4830562 0.4182246 0.4076313
       4 10.6518791 7.5429205 9.6629088 8.3600506 8.1475107 20.0000590 0.5325924 0.3771449 0.4831440 0.4180013 0.4073743
       5 10.6525491 7.5440130 9.6633667 8.3589392 8.1462276 20.0000620 0.5326258 0.3771995 0.4831668 0.4179457 0.4073101
       6 10.6527147 7.5442867 9.6634818 8.3586613 8.1459066 20.0000622 0.5326341 0.3772132 0.4831726 0.4179318 0.4072941

  λ₁ ≈ 20.0000620
  v₁ = [0.5326341, 0.3772132, 0.4831726, 0.4179318, 0.4072941]

======================================================================
CASE 2 - Hai trị trội thực, bằng trị tuyệt đối, trái dấu
======================================================================
 Lần lặp                          y1                          y2                          y3                          y4                          y5          λ²      x1_1      x1_2      x1_3      x1_4      x1_5       x2_1       x2_2       x2_3       x2_4       x2_5
       0                   1.0000000                   1.0000000                   1.0000000                   1.0000000                   1.0000000   1.0000000 1.0000000 1.0000000 1.0000000 1.0000000 1.0000000  1.0000000  1.0000000  1.0000000  1.0000000  1.0000000
       1                   1.0000000                   1.0000000                   1.0000000                   1.0000000                   1.0000000 471.8380605 1.0000000 0.7117353 0.9173768 0.8043483 0.7843730 -1.0000000 -0.7105968 -0.9170505 -0.8035756 -0.7835213
       2                 471.8380605                 333.7471921                 428.3689028                 371.9003831                 362.6066680 400.6239109 1.0000000 0.7079115 0.9072307 0.7854754 0.7655805 -1.0000000 -0.7079144 -0.9072274 -0.7854618 -0.7655659
       3              189029.6090890              133857.6327495              171479.2155152              148358.5271504              144586.7665580 400.0337982 1.0000000 0.7081884 0.9071413 0.7846895 0.7647214 -1.0000000 -0.7081887 -0.9071412 -0.7846887 -0.7647205
       4            75618232.4889243            53553075.0616569            68596169.0336138            59333908.3116362            57823670.4456021 400.0044262 1.0000000 0.7082069 0.9071371 0.7846413 0.7646685 -1.0000000 -0.7082069 -0.9071371 -0.7846412 -0.7646684
       5         30247627694.7941093         21421606225.9274712         27438740493.2759285         23733464352.5522652         23129327186.7133141 400.0026092 1.0000000 0.7082080 0.9071369 0.7846383 0.7646652 -1.0000000 -0.7082080 -0.9071369 -0.7846383 -0.7646652
       6      12099130000956.2656250       8568701865099.6953125      10975567024946.2949219       9493438628730.2851562       9251781302524.1660156 400.0024957 1.0000000 0.7082081 0.9071369 0.7846381 0.7646650 -1.0000000 -0.7082081 -0.9071369 -0.7846381 -0.7646650
       7    4839682196442088.0000000    3427502218154580.0000000    4390254182780947.5000000    3797398918517157.0000000    3700735362837052.0000000 400.0024886 1.0000000 0.7082081 0.9071369 0.7846381 0.7646650 -1.0000000 -0.7082081 -0.9071369 -0.7846381 -0.7646650
       8 1935884922743103232.0000000 1371009419213637888.0000000 1756112598340816640.0000000 1518969012069519872.0000000 1480303348685696000.0000000 400.0024882 1.0000000 0.7082081 0.9071369 0.7846381 0.7646650 -1.0000000 -0.7082081 -0.9071369 -0.7846381 -0.7646650

  λ₁ ≈ 20.0000622, λ₂ ≈ -20.0000622
  residual₁ = 1.08e-09, residual₂ = 3.64e+00
  v₁ = [1.0000000, 0.7082081, 0.9071369, 0.7846381, 0.7646650]
  v₂ = [-1.0000000, -0.7082081, -0.9071369, -0.7846381, -0.7646650]

======================================================================
CASE 3 - Hai trị trội là phức liên hợp
======================================================================
  ❌ Hệ 2×2 suy biến tại lần lặp m=26; hãy chọn cặp chỉ số khác hoặc kiểm tra A.
