
Ma trận A (5x5):
 6.7562  4.4584  5.1176  3.5945  3.4311
 4.4584  4.3051  4.3327  1.9363  1.5788
 5.1176  4.3327  5.1287  3.5097  3.3354
 3.5945  1.9363  3.5097  4.8411  4.8972
 3.4311  1.5788  3.3354  4.8972  5.0688
======================================================================
CHẠY CẢ 3 CASE TRÊN CÙNG MA TRẬN
======================================================================

======================================================================
CASE 1 - Lũy thừa thường (trị riêng trội thực, bội đơn)
======================================================================
 Lần lặp         y1        y2        y3        y4        y5     lambda        x1        x2        x3        x4        x5
       0  1.0000000 1.0000000 1.0000000 1.0000000 1.0000000  2.2360680 0.4472136 0.4472136 0.4472136 0.4472136 0.4472136
       1 10.4459257 7.4287992 9.5811488 8.3981347 8.1890623 19.8416794 0.5264638 0.3744038 0.4828799 0.4232573 0.4127202
       2 10.6348052 7.5223613 9.6550495 8.3822999 8.1728279 19.9990763 0.5317648 0.3761354 0.4827748 0.4191344 0.4086603
       4 10.6518791 7.5429205 9.6629088 8.3600506 8.1475107 20.0000590 0.5325924 0.3771449 0.4831440 0.4180013 0.4073743
       5 10.6525491 7.5440130 9.6633667 8.3589392 8.1462276 20.0000620 0.5326258 0.3771995 0.4831668 0.4179457 0.4073101
       6 10.6527147 7.5442867 9.6634818 8.3586613 8.1459066 20.0000622 0.5326341 0.3772132 0.4831726 0.4179318 0.4072941
    ... (bỏ qua 1 lần lặp) ...
 Lần lặp         y1        y2        y3        y4        y5     lambda        x1        x2        x3        x4        x5
       0  1.0000000 1.0000000 1.0000000 1.0000000 1.0000000  2.2360680 0.4472136 0.4472136 0.4472136 0.4472136 0.4472136
       1 10.4459257 7.4287992 9.5811488 8.3981347 8.1890623 19.8416794 0.5264638 0.3744038 0.4828799 0.4232573 0.4127202
       2 10.6348052 7.5223613 9.6550495 8.3822999 8.1728279 19.9990763 0.5317648 0.3761354 0.4827748 0.4191344 0.4086603
       4 10.6518791 7.5429205 9.6629088 8.3600506 8.1475107 20.0000590 0.5325924 0.3771449 0.4831440 0.4180013 0.4073743
       5 10.6525491 7.5440130 9.6633667 8.3589392 8.1462276 20.0000620 0.5326258 0.3771995 0.4831668 0.4179457 0.4073101
       6 10.6527147 7.5442867 9.6634818 8.3586613 8.1459066 20.0000622 0.5326341 0.3772132 0.4831726 0.4179318 0.4072941
    ... (bỏ qua 1 lần lặp) ...
 Lần lặp         y1         y2         y3        y4        y5    lambda         x1         x2         x3        x4        x5
       0  1.0000000  1.0000000  1.0000000 1.0000000 1.0000000 2.2360680  0.4472136  0.4472136  0.4472136 0.4472136 0.4472136
       1 -0.1218827 -0.0553566 -0.0053113 0.1060951 0.1080817 0.2022023 -0.6027757 -0.2737685 -0.0262674 0.5246979 0.5345226
       2 -1.7071876 -2.1197680 -0.7810300 2.3690125 2.6911112 4.5686117 -0.3736775 -0.4639851 -0.1709556 0.5185410 0.5890435
       6 -1.5183556 -2.5171520 -1.0589508 2.5548108 2.9512196 4.9999590 -0.3036736 -0.5034345 -0.2117919 0.5109664 0.5902488
       7 -1.5178976 -2.5173911 -1.0592108 2.5547517 2.9512112 4.9999602 -0.3035819 -0.5034822 -0.2118438 0.5109544 0.5902469
       8 -1.5178059 -2.5174388 -1.0592628 2.5547397 2.9512094 4.9999603 -0.3035636 -0.5034918 -0.2118542 0.5109520 0.5902466
    ... (bỏ qua 3 lần lặp) ...
 Lần lặp         y1         y2         y3        y4        y5    lambda         x1         x2         x3        x4        x5
       0  1.0000000  1.0000000  1.0000000 1.0000000 1.0000000 2.2360680  0.4472136  0.4472136  0.4472136 0.4472136 0.4472136
       1 -0.1218827 -0.0553566 -0.0053113 0.1060951 0.1080817 0.2022023 -0.6027757 -0.2737685 -0.0262674 0.5246979 0.5345226
       2 -1.7071876 -2.1197680 -0.7810300 2.3690125 2.6911112 4.5686117 -0.3736775 -0.4639851 -0.1709556 0.5185410 0.5890435
       6 -1.5183556 -2.5171520 -1.0589508 2.5548108 2.9512196 4.9999590 -0.3036736 -0.5034345 -0.2117919 0.5109664 0.5902488
       7 -1.5178976 -2.5173911 -1.0592108 2.5547517 2.9512112 4.9999602 -0.3035819 -0.5034822 -0.2118438 0.5109544 0.5902469
       8 -1.5178059 -2.5174388 -1.0592628 2.5547397 2.9512094 4.9999603 -0.3035636 -0.5034918 -0.2118542 0.5109520 0.5902466
    ... (bỏ qua 3 lần lặp) ...
 Lần lặp         y1        y2        y3        y4         y5    lambda         x1        x2        x3        x4         x5
       0  1.0000000 1.0000000 1.0000000 1.0000000  1.0000000 2.2360680  0.4472136 0.4472136 0.4472136 0.4472136  0.4472136
       1 -0.0660263 0.0372870 0.0336703 0.0120788 -0.0005250 0.0838430 -0.7874985 0.4447241 0.4015879 0.1440644 -0.0062617
       2 -0.7862772 0.4125491 0.4410690 0.1067145  0.0134233 0.9972656 -0.7884331 0.4136803 0.4422783 0.1070071  0.0134601
       3 -0.7882710 0.4104345 0.4462135 0.1032593  0.0154315 0.9999174 -0.7883361 0.4104684 0.4462504 0.1032679  0.0154328
       4 -0.7882803 0.4101234 0.4466213 0.1028881  0.0156291 0.9999440 -0.7883245 0.4101463 0.4466464 0.1028938  0.0156300
       5 -0.7882794 0.4100913 0.4466610 0.1028507  0.0156488 0.9999442 -0.7883233 0.4101141 0.4466859 0.1028564  0.0156497
 Lần lặp         y1        y2        y3        y4         y5    lambda         x1        x2        x3        x4         x5
       0  1.0000000 1.0000000 1.0000000 1.0000000  1.0000000 2.2360680  0.4472136 0.4472136 0.4472136 0.4472136  0.4472136
       1 -0.0660263 0.0372870 0.0336703 0.0120788 -0.0005250 0.0838430 -0.7874985 0.4447241 0.4015879 0.1440644 -0.0062617
       2 -0.7862772 0.4125491 0.4410690 0.1067145  0.0134233 0.9972656 -0.7884331 0.4136803 0.4422783 0.1070071  0.0134601
       3 -0.7882710 0.4104345 0.4462135 0.1032593  0.0154315 0.9999174 -0.7883361 0.4104684 0.4462504 0.1032679  0.0154328
       4 -0.7882803 0.4101234 0.4466213 0.1028881  0.0156291 0.9999440 -0.7883245 0.4101463 0.4466464 0.1028938  0.0156300
       5 -0.7882794 0.4100913 0.4466610 0.1028507  0.0156488 0.9999442 -0.7883233 0.4101141 0.4466859 0.1028564  0.0156497
 Lần lặp         y1        y2         y3        y4         y5    lambda         x1        x2         x3        x4         x5
       0  1.0000000 1.0000000  1.0000000 1.0000000  1.0000000 2.2360680  0.4472136 0.4472136  0.4472136 0.4472136  0.4472136
       1 -0.0001093 0.0029947 -0.0036800 0.0034783 -0.0018336 0.0061630 -0.0177417 0.4859086 -0.5971104 0.5643791 -0.2975121
       2 -0.0017755 0.0485733 -0.0596902 0.0564004 -0.0297270 0.0999507 -0.0177636 0.4859724 -0.5971969 0.5642823 -0.2974166
       3 -0.0017755 0.0485733 -0.0596902 0.0564004 -0.0297270 0.0999507 -0.0177636 0.4859724 -0.5971969 0.5642823 -0.2974166
 Lần lặp         y1        y2         y3        y4         y5    lambda         x1        x2         x3        x4         x5
       0  1.0000000 1.0000000  1.0000000 1.0000000  1.0000000 2.2360680  0.4472136 0.4472136  0.4472136 0.4472136  0.4472136
       1 -0.0001093 0.0029947 -0.0036800 0.0034783 -0.0018336 0.0061630 -0.0177417 0.4859086 -0.5971104 0.5643791 -0.2975121
       2 -0.0017755 0.0485733 -0.0596902 0.0564004 -0.0297270 0.0999507 -0.0177636 0.4859724 -0.5971969 0.5642823 -0.2974166
       3 -0.0017755 0.0485733 -0.0596902 0.0564004 -0.0297270 0.0999507 -0.0177636 0.4859724 -0.5971969 0.5642823 -0.2974166
 Lần lặp         y1         y2         y3         y4         y5    lambda         x1         x2         x3         x4         x5
       0  1.0000000  1.0000000  1.0000000  1.0000000  1.0000000 2.2360680  0.4472136  0.4472136  0.4472136  0.4472136  0.4472136
       1  0.0000001 -0.0000004  0.0000005  0.0000006 -0.0000006 0.0000011  0.1254264 -0.3652885  0.4948411  0.5543706 -0.5464778
       2 -0.0000008  0.0000076 -0.0000069 -0.0000083  0.0000108 0.0000171 -0.0479470  0.4479148 -0.4057496 -0.4841496  0.6309039
       3  0.0000008 -0.0000078  0.0000071  0.0000084 -0.0000109 0.0000174  0.0487588 -0.4470209  0.4068727  0.4850308 -0.6300751
 Lần lặp         y1         y2         y3         y4         y5    lambda         x1         x2         x3         x4         x5
       0  1.0000000  1.0000000  1.0000000  1.0000000  1.0000000 2.2360680  0.4472136  0.4472136  0.4472136  0.4472136  0.4472136
       1  0.0000001 -0.0000004  0.0000005  0.0000006 -0.0000006 0.0000011  0.1254264 -0.3652885  0.4948411  0.5543706 -0.5464778
       2 -0.0000008  0.0000076 -0.0000069 -0.0000083  0.0000108 0.0000171 -0.0479470  0.4479148 -0.4057496 -0.4841496  0.6309039
       3  0.0000008 -0.0000078  0.0000071  0.0000084 -0.0000109 0.0000174  0.0487588 -0.4470209  0.4068727  0.4850308 -0.6300751
✅ Thành công - 5 trị riêng:
  λ1 = 20.0000620  residual = 6.59e-06  ✅
  λ2 = 4.9999602  residual = 2.64e-05  ✅
  λ3 = 0.9999440  residual = 5.64e-06  ✅
  λ4 = 0.0999507  residual = 3.21e-06  ✅
  λ5 = 0.0000171  residual = 2.15e-05  ✅

======================================================================
CASE 2 - Hai trị trội thực, bằng trị tuyệt đối, trái dấu (λ₂ = -λ₁)
======================================================================
❌ Không phù hợp (residual: 5.73e-10, 1.94e+00)

======================================================================
CASE 3 - Hai trị trội là phức liên hợp (λ₂ = λ̅₁)
======================================================================
❌ Thất bại: Hệ 2×2 suy biến tại lần lặp m=28; hãy chọn cặp chỉ số khác hoặc kiểm tra ma trận A.

======================================================================
KẾT THÚC
======================================================================
