 n        a_n        b_n    x_(n+1)     f(a_n)    f(b_n)  f(x_(n+1))  delta=(b-a)/2^(n+1)
 0 -3.0000000 -2.0000000 -2.5000000 -0.9103832 0.7889789  -0.2015772            0.5000000
 1 -2.5000000 -2.0000000 -2.2500000 -0.2015772 0.7889789   0.3161950            0.2500000
 2 -2.5000000 -2.2500000 -2.3750000 -0.2015772 0.3161950   0.0554123            0.1250000
 3 -2.5000000 -2.3750000 -2.4375000 -0.2015772 0.0554123  -0.0745163            0.0625000
 4 -2.4375000 -2.3750000 -2.4062500 -0.0745163 0.0554123  -0.0097911            0.0312500
 5 -2.4062500 -2.3750000 -2.3906250 -0.0097911 0.0554123   0.0227658            0.0156250
 6 -2.4062500 -2.3906250 -2.3984375 -0.0097911 0.0227658   0.0064743            0.0078125
 7 -2.4062500 -2.3984375 -2.4023438 -0.0097911 0.0064743  -0.0016619            0.0039062
 8 -2.4023438 -2.3984375 -2.4003906 -0.0016619 0.0064743   0.0024053            0.0019531
 9 -2.4023438 -2.4003906 -2.4013672 -0.0016619 0.0024053   0.0003715            0.0009766
10 -2.4023438 -2.4013672 -2.4018555 -0.0016619 0.0003715  -0.0006453            0.0004883
11 -2.4018555 -2.4013672 -2.4016113 -0.0006453 0.0003715  -0.0001369            0.0002441
12 -2.4016113 -2.4013672 -2.4014893 -0.0001369 0.0003715   0.0001173            0.0001221
13 -2.4016113 -2.4014893 -2.4015503 -0.0001369 0.0001173  -0.0000098            0.0000610
14 -2.4015503 -2.4014893 -2.4015198 -0.0000098 0.0001173   0.0000537            0.0000305
15 -2.4015503 -2.4015198 -2.4015350 -0.0000098 0.0000537   0.0000219            0.0000153
16 -2.4015503 -2.4015350 -2.4015427 -0.0000098 0.0000219   0.0000061            0.0000076
17 -2.4015503 -2.4015427 -2.4015465 -0.0000098 0.0000061  -0.0000019            0.0000038
18 -2.4015465 -2.4015427 -2.4015446 -0.0000019 0.0000061   0.0000021            0.0000019
19 -2.4015465 -2.4015446 -2.4015455 -0.0000019 0.0000021   0.0000001            0.0000010
Giá trị nghiệm với 5 chữ số thập phân là: -2.40155
Sai số tương đối là: 5.95367431640625e-06
 n       a_n       b_n   x_(n+1)         f(a_n)        f(b_n)     f(x_(n+1))  delta=(b-a)/2^(n+1)
 0 2.0000000 3.0000000 2.5000000 -3.0685282e-01 9.8612289e-02 -8.3709268e-02        5.0000000e-01
 1 2.5000000 3.0000000 2.7500000 -8.3709268e-02 9.8612289e-02  1.1600912e-02        2.5000000e-01
 2 2.5000000 2.7500000 2.6250000 -8.3709268e-02 1.1600912e-02 -3.4919104e-02        1.2500000e-01
 3 2.6250000 2.7500000 2.6875000 -3.4919104e-02 1.1600912e-02 -1.1388607e-02        6.2500000e-02
 4 2.6875000 2.7500000 2.7187500 -1.1388607e-02 1.1600912e-02  1.7221585e-04        3.1250000e-02
 5 2.6875000 2.7187500 2.7031250 -1.1388607e-02 1.7221585e-04 -5.5914889e-03        1.5625000e-02
 6 2.7031250 2.7187500 2.7109375 -5.5914889e-03 1.7221585e-04 -2.7054840e-03        7.8125000e-03
 7 2.7109375 2.7187500 2.7148438 -2.7054840e-03 1.7221585e-04 -1.2655989e-03        3.9062500e-03
 8 2.7148438 2.7187500 2.7167969 -1.2655989e-03 1.7221585e-04 -5.4643312e-04        1.9531250e-03
 9 2.7167969 2.7187500 2.7177734 -5.4643312e-04 1.7221585e-04 -1.8704407e-04        9.7656250e-04
10 2.7177734 2.7187500 2.7182617 -1.8704407e-04 1.7221585e-04 -7.3979759e-06        4.8828125e-04
11 2.7182617 2.7187500 2.7185059 -7.3979759e-06 1.7221585e-04  8.2412972e-05        2.4414062e-04
12 2.7182617 2.7185059 2.7183838 -7.3979759e-06 8.2412972e-05  3.7508506e-05        1.2207031e-04
13 2.7182617 2.7183838 2.7183228 -7.3979759e-06 3.7508506e-05  1.5055517e-05        6.1035156e-05
14 2.7182617 2.7183228 2.7182922 -7.3979759e-06 1.5055517e-05  3.8288337e-06        3.0517578e-05
15 2.7182617 2.7182922 2.7182770 -7.3979759e-06 3.8288337e-06 -1.7845553e-06        1.5258789e-05
16 2.7182770 2.7182922 2.7182846 -1.7845553e-06 3.8288337e-06  1.0221431e-06        7.6293945e-06
17 2.7182770 2.7182846 2.7182808 -1.7845553e-06 1.0221431e-06 -3.8120511e-07        3.8146973e-06
18 2.7182808 2.7182846 2.7182827 -3.8120511e-07 1.0221431e-06  3.2046926e-07        1.9073486e-06
19 2.7182808 2.7182827 2.7182817 -3.8120511e-07 3.2046926e-07 -3.0367860e-08        9.5367432e-07
20 2.7182817 2.7182827 2.7182822 -3.0367860e-08 3.2046926e-07  1.4505072e-07        4.7683716e-07
21 2.7182817 2.7182822 2.7182820 -3.0367860e-08 1.4505072e-07  5.7341432e-08        2.3841858e-07
22 2.7182817 2.7182820 2.7182819 -3.0367860e-08 5.7341432e-08  1.3486787e-08        1.1920929e-07
23 2.7182817 2.7182819 2.7182818 -3.0367860e-08 1.3486787e-08 -8.4405362e-09        5.9604645e-08
24 2.7182818 2.7182819 2.7182818 -8.4405362e-09 1.3486787e-08  2.5231255e-09        2.9802322e-08
Giá trị nghiệm với 7 chữ số thập phân là: 2.7182818
Sai số tương đối là: 7.980232238769531e-08
 n       a_n       b_n   x_(n+1)         f(a_n)        f(b_n)     f(x_(n+1))  delta=(b-a)/2^(n+1)
 0 3.0000000 3.2000000 3.1000000 -6.8403540e-02 2.9638557e-02 -2.0583043e-02        1.0000000e-01
 1 3.1000000 3.2000000 3.1500000 -2.0583043e-02 2.9638557e-02  4.2125335e-03        5.0000000e-02
 2 3.1000000 3.1500000 3.1250000 -2.0583043e-02 4.2125335e-03 -8.2621016e-03        2.5000000e-02
 3 3.1250000 3.1500000 3.1375000 -8.2621016e-03 4.2125335e-03 -2.0442359e-03        1.2500000e-02
 4 3.1375000 3.1500000 3.1437500 -2.0442359e-03 4.2125335e-03  1.0792554e-03        6.2500000e-03
 5 3.1375000 3.1437500 3.1406250 -2.0442359e-03 1.0792554e-03 -4.8370979e-04        3.1250000e-03
 6 3.1406250 3.1437500 3.1421875 -4.8370979e-04 1.0792554e-03  2.9746744e-04        1.5625000e-03
 7 3.1406250 3.1421875 3.1414063 -4.8370979e-04 2.9746744e-04 -9.3197452e-05        7.8125000e-04
 8 3.1414063 3.1421875 3.1417969 -9.3197452e-05 2.9746744e-04  1.0211592e-04        3.9062500e-04
 9 3.1414063 3.1417969 3.1416016 -9.3197452e-05 1.0211592e-04  4.4544650e-06        1.9531250e-04
10 3.1414063 3.1416016 3.1415039 -9.3197452e-05 4.4544650e-06 -4.4372685e-05        9.7656250e-05
11 3.1415039 3.1416016 3.1415527 -4.4372685e-05 4.4544650e-06 -1.9959408e-05        4.8828125e-05
12 3.1415527 3.1416016 3.1415771 -1.9959408e-05 4.4544650e-06 -7.7525461e-06        2.4414063e-05
13 3.1415771 3.1416016 3.1415894 -7.7525461e-06 4.4544650e-06 -1.6490592e-06        1.2207031e-05
14 3.1415894 3.1416016 3.1415955 -1.6490592e-06 4.4544650e-06  1.4026983e-06        6.1035156e-06
15 3.1415894 3.1415955 3.1415924 -1.6490592e-06 1.4026983e-06 -1.2318161e-07        3.0517578e-06
16 3.1415924 3.1415955 3.1415939 -1.2318161e-07 1.4026983e-06  6.3975804e-07        1.5258789e-06
17 3.1415924 3.1415939 3.1415932 -1.2318161e-07 6.3975804e-07  2.5828814e-07        7.6293945e-07
18 3.1415924 3.1415932 3.1415928 -1.2318161e-07 2.5828814e-07  6.7553250e-08        3.8146973e-07
19 3.1415924 3.1415928 3.1415926 -1.2318161e-07 6.7553250e-08 -2.7814183e-08        1.9073486e-07
20 3.1415926 3.1415928 3.1415927 -2.7814183e-08 6.7553250e-08  1.9869532e-08        9.5367432e-08
21 3.1415926 3.1415927 3.1415926 -2.7814183e-08 1.9869532e-08 -3.9723256e-09        4.7683716e-08
Giá trị nghiệm với 7 chữ số thập phân là: 3.1415926
Sai số tương đối là: 9.768371582031254e-08
 n        a_n        b_n    x_(n+1)         f(a_n)        f(b_n)     f(x_(n+1))  delta_x=|x_(n+1)-x_n|
 0 -3.0000000 -2.0000000 -2.5000000 -9.1038322e-01 7.8897890e-01 -2.0157719e-01          2.5000000e+00
 1 -2.5000000 -2.0000000 -2.2500000 -2.0157719e-01 7.8897890e-01  3.1619502e-01          2.5000000e-01
 2 -2.5000000 -2.2500000 -2.3750000 -2.0157719e-01 3.1619502e-01  5.5412336e-02          1.2500000e-01
 3 -2.5000000 -2.3750000 -2.4375000 -2.0157719e-01 5.5412336e-02 -7.4516304e-02          6.2500000e-02
 4 -2.4375000 -2.3750000 -2.4062500 -7.4516304e-02 5.5412336e-02 -9.7911468e-03          3.1250000e-02
 5 -2.4062500 -2.3750000 -2.3906250 -9.7911468e-03 5.5412336e-02  2.2765822e-02          1.5625000e-02
 6 -2.4062500 -2.3906250 -2.3984375 -9.7911468e-03 2.2765822e-02  6.4742640e-03          7.8125000e-03
 7 -2.4062500 -2.3984375 -2.4023438 -9.7911468e-03 6.4742640e-03 -1.6619446e-03          3.9062500e-03
 8 -2.4023438 -2.3984375 -2.4003906 -1.6619446e-03 6.4742640e-03  2.4053133e-03          1.9531250e-03
 9 -2.4023438 -2.4003906 -2.4013672 -1.6619446e-03 2.4053133e-03  3.7146904e-04          9.7656250e-04
10 -2.4023438 -2.4013672 -2.4018555 -1.6619446e-03 3.7146904e-04 -6.4529206e-04          4.8828125e-04
11 -2.4018555 -2.4013672 -2.4016113 -6.4529206e-04 3.7146904e-04 -1.3692502e-04          2.4414062e-04
12 -2.4016113 -2.4013672 -2.4014893 -1.3692502e-04 3.7146904e-04  1.1726864e-04          1.2207031e-04
13 -2.4016113 -2.4014893 -2.4015503 -1.3692502e-04 1.1726864e-04 -9.8290328e-06          6.1035156e-05
14 -2.4015503 -2.4014893 -2.4015198 -9.8290328e-06 1.1726864e-04  5.3719593e-05          3.0517578e-05
15 -2.4015503 -2.4015198 -2.4015350 -9.8290328e-06 5.3719593e-05  2.1945228e-05          1.5258789e-05
16 -2.4015503 -2.4015350 -2.4015427 -9.8290328e-06 2.1945228e-05  6.0580842e-06          7.6293945e-06
17 -2.4015503 -2.4015427 -2.4015465 -9.8290328e-06 6.0580842e-06 -1.8854776e-06          3.8146973e-06
18 -2.4015465 -2.4015427 -2.4015446 -1.8854776e-06 6.0580842e-06  2.0863025e-06          1.9073486e-06
19 -2.4015465 -2.4015446 -2.4015455 -1.8854776e-06 2.0863025e-06  1.0041225e-07          9.5367432e-07
20 -2.4015465 -2.4015455 -2.4015460 -1.8854776e-06 1.0041225e-07 -8.9253272e-07          4.7683716e-07
21 -2.4015460 -2.4015455 -2.4015458 -8.9253272e-07 1.0041225e-07 -3.9606025e-07          2.3841858e-07
22 -2.4015458 -2.4015455 -2.4015456 -3.9606025e-07 1.0041225e-07 -1.4782400e-07          1.1920929e-07
23 -2.4015456 -2.4015455 -2.4015456 -1.4782400e-07 1.0041225e-07 -2.3705876e-08          5.9604645e-08
24 -2.4015456 -2.4015455 -2.4015456 -2.3705876e-08 1.0041225e-07  3.8353187e-08          2.9802322e-08
25 -2.4015456 -2.4015456 -2.4015456 -2.3705876e-08 3.8353187e-08  7.3236553e-09          1.4901161e-08
26 -2.4015456 -2.4015456 -2.4015456 -2.3705876e-08 7.3236553e-09 -8.1911105e-09          7.4505806e-09
27 -2.4015456 -2.4015456 -2.4015456 -8.1911105e-09 7.3236553e-09 -4.3372760e-10          3.7252903e-09
28 -2.4015456 -2.4015456 -2.4015456 -4.3372760e-10 7.3236553e-09  3.4449638e-09          1.8626451e-09
29 -2.4015456 -2.4015456 -2.4015456 -4.3372760e-10 3.4449638e-09  1.5056181e-09          9.3132257e-10
Giá trị nghiệm với 5 chữ số thập phân là: -2.40155
Sai số tương đối là: 5.000931322574616e-06
delta_x = 5e-08
 n       a_n       b_n   x_(n+1)      f(a_n)    f(b_n)  f(x_(n+1))  delta_x=|x_(n+1)-x_n|
 0 6.0000000 7.0000000 6.5000000 -23.8382465 9.9709598  -9.7296400          6.5000000e+00
 1 6.5000000 7.0000000 6.7500000  -9.7296400 9.9709598  -0.6029928          2.5000000e-01
 2 6.7500000 7.0000000 6.8750000  -0.6029928 9.9709598   4.4997759          1.2500000e-01
 3 6.7500000 6.8750000 6.8125000  -0.6029928 4.4997759   1.9027653          6.2500000e-02
 4 6.7500000 6.8125000 6.7812500  -0.6029928 1.9027653   0.6385315          3.1250000e-02
 5 6.7500000 6.7812500 6.7656250  -0.6029928 0.6385315   0.0149371          1.5625000e-02
 6 6.7500000 6.7656250 6.7578125  -0.6029928 0.0149371  -0.2947351          7.8125000e-03
 7 6.7578125 6.7656250 6.7617188  -0.2947351 0.0149371  -0.1400759          3.9062500e-03
 8 6.7617188 6.7656250 6.7636719  -0.1400759 0.0149371  -0.0626136          1.9531250e-03
 9 6.7636719 6.7656250 6.7646484  -0.0626136 0.0149371  -0.0238493          9.7656250e-04
10 6.7646484 6.7656250 6.7651367  -0.0238493 0.0149371  -0.0044589          4.8828125e-04
11 6.7651367 6.7656250 6.7653809  -0.0044589 0.0149371   0.0052384          2.4414062e-04
12 6.7651367 6.7653809 6.7652588  -0.0044589 0.0052384   0.0003896          1.2207031e-04
13 6.7651367 6.7652588 6.7651978  -0.0044589 0.0003896  -0.0020347          6.1035156e-05
14 6.7651978 6.7652588 6.7652283  -0.0020347 0.0003896  -0.0008226          3.0517578e-05
15 6.7652283 6.7652588 6.7652435  -0.0008226 0.0003896  -0.0002165          1.5258789e-05
16 6.7652435 6.7652588 6.7652512  -0.0002165 0.0003896   0.0000866          7.6293945e-06
17 6.7652435 6.7652512 6.7652473  -0.0002165 0.0000866  -0.0000650          3.8146973e-06
18 6.7652473 6.7652512 6.7652493  -0.0000650 0.0000866   0.0000108          1.9073486e-06
19 6.7652473 6.7652493 6.7652483  -0.0000650 0.0000108  -0.0000271          9.5367432e-07
20 6.7652483 6.7652493 6.7652488  -0.0000271 0.0000108  -0.0000081          4.7683716e-07
21 6.7652488 6.7652493 6.7652490  -0.0000081 0.0000108   0.0000013          2.3841858e-07
22 6.7652488 6.7652490 6.7652489  -0.0000081 0.0000013  -0.0000034          1.1920929e-07
23 6.7652489 6.7652490 6.7652490  -0.0000034 0.0000013  -0.0000010          5.9604645e-08
24 6.7652490 6.7652490 6.7652490  -0.0000010 0.0000013   0.0000001          2.9802322e-08
Giá trị nghiệm với sai số tuyệt đối 5e-08 là: 6.7652489840984344
delta_x = 5e-07
 n       a_n       b_n   x_(n+1)      f(a_n)     f(b_n)  f(x_(n+1))  delta_x=|x_(n+1)-x_n|
 0 1.0000000 2.0000000 1.5000000 -16.0000000 15.0000000  -9.4062500              1.5000000
 1 1.5000000 2.0000000 1.7500000  -9.4062500 15.0000000  -0.5869141              0.2500000
 2 1.7500000 2.0000000 1.8750000  -0.5869141 15.0000000   6.1742859              0.1250000
 3 1.7500000 1.8750000 1.8125000  -0.5869141  6.1742859   2.5609560              0.0625000
 4 1.7500000 1.8125000 1.7812500  -0.5869141  2.5609560   0.9318207              0.0312500
 5 1.7500000 1.7812500 1.7656250  -0.5869141  0.9318207   0.1590147              0.0156250
 6 1.7500000 1.7656250 1.7578125  -0.5869141  0.1590147  -0.2172648              0.0078125
 7 1.7578125 1.7656250 1.7617188  -0.2172648  0.1590147  -0.0299593              0.0039062
 8 1.7617188 1.7656250 1.7636719  -0.0299593  0.1590147   0.0643184              0.0019531
 9 1.7617188 1.7636719 1.7626953  -0.0299593  0.0643184   0.0171273              0.0009766
10 1.7617188 1.7626953 1.7622070  -0.0299593  0.0171273  -0.0064291              0.0004883
11 1.7622070 1.7626953 1.7624512  -0.0064291  0.0171273   0.0053459              0.0002441
12 1.7622070 1.7624512 1.7623291  -0.0064291  0.0053459  -0.0005424              0.0001221
13 1.7623291 1.7624512 1.7623901  -0.0005424  0.0053459   0.0024015              0.0000610
14 1.7623291 1.7623901 1.7623596  -0.0005424  0.0024015   0.0009295              0.0000305
15 1.7623291 1.7623596 1.7623444  -0.0005424  0.0009295   0.0001935              0.0000153
16 1.7623291 1.7623444 1.7623367  -0.0005424  0.0001935  -0.0001744              0.0000076
17 1.7623367 1.7623444 1.7623405  -0.0001744  0.0001935   0.0000095              0.0000038
18 1.7623367 1.7623405 1.7623386  -0.0001744  0.0000095  -0.0000825              0.0000019
19 1.7623386 1.7623405 1.7623396  -0.0000825  0.0000095  -0.0000365              0.0000010
20 1.7623396 1.7623405 1.7623401  -0.0000365  0.0000095  -0.0000135              0.0000005
Giá trị nghiệm với sai số tuyệt đối 5e-07 là: 1.7623400688171387
sigma_x = 5e-07
 n        a_n        b_n    x_(n+1)     f(a_n)    f(b_n)  f(x_(n+1))  sigma_x=|x_(n+1)-x_n|/|x_(n+1)
 0 -3.0000000 -2.0000000 -2.5000000 -0.9103832 0.7889789  -0.2015772                       1.0000000
 1 -2.5000000 -2.0000000 -2.2500000 -0.2015772 0.7889789   0.3161950                       0.1111111
 2 -2.5000000 -2.2500000 -2.3750000 -0.2015772 0.3161950   0.0554123                       0.0526316
 3 -2.5000000 -2.3750000 -2.4375000 -0.2015772 0.0554123  -0.0745163                       0.0256410
 4 -2.4375000 -2.3750000 -2.4062500 -0.0745163 0.0554123  -0.0097911                       0.0129870
 5 -2.4062500 -2.3750000 -2.3906250 -0.0097911 0.0554123   0.0227658                       0.0065359
 6 -2.4062500 -2.3906250 -2.3984375 -0.0097911 0.0227658   0.0064743                       0.0032573
 7 -2.4062500 -2.3984375 -2.4023438 -0.0097911 0.0064743  -0.0016619                       0.0016260
 8 -2.4023438 -2.3984375 -2.4003906 -0.0016619 0.0064743   0.0024053                       0.0008137
 9 -2.4023438 -2.4003906 -2.4013672 -0.0016619 0.0024053   0.0003715                       0.0004067
10 -2.4023438 -2.4013672 -2.4018555 -0.0016619 0.0003715  -0.0006453                       0.0002033
11 -2.4018555 -2.4013672 -2.4016113 -0.0006453 0.0003715  -0.0001369                       0.0001017
12 -2.4016113 -2.4013672 -2.4014893 -0.0001369 0.0003715   0.0001173                       0.0000508
13 -2.4016113 -2.4014893 -2.4015503 -0.0001369 0.0001173  -0.0000098                       0.0000254
14 -2.4015503 -2.4014893 -2.4015198 -0.0000098 0.0001173   0.0000537                       0.0000127
15 -2.4015503 -2.4015198 -2.4015350 -0.0000098 0.0000537   0.0000219                       0.0000064
16 -2.4015503 -2.4015350 -2.4015427 -0.0000098 0.0000219   0.0000061                       0.0000032
17 -2.4015503 -2.4015427 -2.4015465 -0.0000098 0.0000061  -0.0000019                       0.0000016
18 -2.4015465 -2.4015427 -2.4015446 -0.0000019 0.0000061   0.0000021                       0.0000008
19 -2.4015465 -2.4015446 -2.4015455 -0.0000019 0.0000021   0.0000001                       0.0000004
Giá trị nghiệm với sai số tương đối 5e-07 là: -2.401545524597168
sigma_x = 0.0005
 n      a_n        b_n    x_(n+1)       f(a_n)    f(b_n)  f(x_(n+1))  sigma_x=|x_(n+1)-x_n|/|x_(n+1)
 0 -3.00000 -2.0000000 -2.5000000 -136.0000000 7.0000000 -30.7812500                       1.0000000
 1 -2.50000 -2.0000000 -2.2500000  -30.7812500 7.0000000  -6.1181641                       0.1111111
 2 -2.25000 -2.0000000 -2.1250000   -6.1181641 7.0000000   1.6127625                       0.0588235
 3 -2.25000 -2.1250000 -2.1875000   -6.1181641 1.6127625  -1.9283628                       0.0285714
 4 -2.18750 -2.1250000 -2.1562500   -1.9283628 1.6127625  -0.0807911                       0.0144928
 5 -2.15625 -2.1250000 -2.1406250   -0.0807911 1.6127625   0.7847421                       0.0072993
 6 -2.15625 -2.1406250 -2.1484375   -0.0807911 0.7847421   0.3567260                       0.0036364
 7 -2.15625 -2.1484375 -2.1523438   -0.0807911 0.3567260   0.1391627                       0.0018149
 8 -2.15625 -2.1523438 -2.1542969   -0.0807911 0.1391627   0.0294856                       0.0009066
 9 -2.15625 -2.1542969 -2.1552734   -0.0807911 0.0294856  -0.0255777                       0.0004531
Giá trị nghiệm với sai số tương đối 0.0005 là: -2.1552734375
