m1 = 5, M1 = 80
 n  mrk           x_(n+1)         f(x_(n+1))  delta_x=|f(x_n)| / m_1
 0    2 1.354838709677419 -7.435029421585015       1.487005884317003
 1    2 1.529680628069611 -3.624633240286681       0.724926648057336
 2    2 1.601839853218664 -1.453812878149883       0.290762575629977
 3    2 1.628821087381766 -0.535188563101631       0.107037712620326
 4    2 1.638494760856317 -0.190669278217582       0.038133855643516
 5    2 1.641908612178906 -0.067130140804897       0.013426028160979
 6    2 1.643106527631529 -0.023536232519628       0.004707246503926
 7    2 1.643526030343380 -0.008239825857270       0.001647965171454
 8    2 1.643672834033169 -0.002883205004572       0.000576641000914
 9    2 1.643724194842391 -0.001008683129713       0.000201736625943
10    2 1.643742162405922 -0.000352863397884       0.000070572679577
11    2 1.643748447812582 -0.000123438003291       0.000024687600658
12    2 1.643750646548026 -0.000043180514584       0.000008636102917
13    2 1.643751415697885 -0.000015105168250       0.000003021033650
14    2 1.643751684757422 -0.000005284001231       0.000001056800246
15    2 1.643751778878224 -0.000001848417677       0.000000369683535
16    2 1.643751811802996 -0.000000646602325       0.000000129320465
17    2 1.643751823320541 -0.000000226190512       0.000000045238102
18    2 1.643751827349539 -0.000000079124597       0.000000015824919
19    2 1.643751828758939 -0.000000027678878       0.000000005535776
Giá trị nghiệm với 9 chữ số thập phân là: 1.643751829
Sai số tương đối là: 6.035775571274826e-09
m1 = 5, M1 = 80
 n  mrk           x_(n+1)         f(x_(n+1))  delta_x=(M1 - m1)*(x-x_new)/m1
 0    2 1.354838709677419 -7.435029421585015               5.322580645161289
 1    2 1.529680628069611 -3.624633240286681               2.622628775882871
 2    2 1.601839853218664 -1.453812878149883               1.082388377235792
 3    2 1.628821087381766 -0.535188563101631               0.404718512446542
 4    2 1.638494760856317 -0.190669278217582               0.145105102118266
 5    2 1.641908612178906 -0.067130140804897               0.051207769838835
 6    2 1.643106527631529 -0.023536232519628               0.017968731789334
 7    2 1.643526030343380 -0.008239825857270               0.006292540677775
 8    2 1.643672834033169 -0.002883205004572               0.002202055346837
 9    2 1.643724194842391 -0.001008683129713               0.000770412138328
10    2 1.643742162405922 -0.000352863397884               0.000269513452962
11    2 1.643748447812582 -0.000123438003291               0.000094281099904
12    2 1.643750646548026 -0.000043180514584               0.000032981031649
13    2 1.643751415697885 -0.000015105168250               0.000011537247890
14    2 1.643751684757422 -0.000005284001231               0.000004035893056
15    2 1.643751778878224 -0.000001848417677               0.000001411812024
16    2 1.643751811802996 -0.000000646602325               0.000000493871587
17    2 1.643751823320541 -0.000000226190512               0.000000172763177
18    2 1.643751827349539 -0.000000079124597               0.000000060434967
19    2 1.643751828758939 -0.000000027678878               0.000000021140999
Giá trị nghiệm với 9 chữ số thập phân là: 1.643751829
Sai số tương đối là: 2.1640998951452162e-08
m1 = 540, M1 = 4320
delta_x = 0.0016200000000000001
 n  mrk           x_(n+1)           f(x_(n+1))    delta_x=|f(x_n)|
 0    6 3.100000000000000 -207.808489999999978 207.808489999999978
 1    6 3.183068301779528 -174.067854288454555 174.067854288454555
 2    6 3.250972006090403 -143.195371621313996 143.195371621313996
 3    6 3.305719904421365 -116.005926856816984 116.005926856816984
 4    6 3.349354163961427  -92.790132066702427  92.790132066702427
 5    6 3.383802484239558  -73.453795231072604  73.453795231072604
 6    6 3.410790881627294  -57.663787325483611  57.663787325483611
 7    6 3.431805754169102  -44.969100467556473  44.969100467556473
 8    6 3.448090284378540  -34.886762050711582  34.886762050711582
 9    6 3.460661491743907  -26.954922489947705  26.954922489947705
10    6 3.470337503736600  -20.760671572470301  20.760671572470301
11    6 3.477768073999874  -15.950784424071628  15.950784424071628
12    6 3.483464217006826  -12.232174799597658  12.232174799597658
13    6 3.487824847855164   -9.366896751794116   9.366896751794116
14    6 3.491159607174919   -7.164812047257897   7.164812047257897
15    6 3.493707799675392   -5.475753841687776   5.475753841687776
16    6 3.495653760161231   -4.182153700978972   4.182153700978972
17    6 3.497139122568154   -3.192564737603675   3.192564737603675
18    6 3.498272502303111   -2.436206937159966   2.436206937159966
19    6 3.499137071568774   -1.858499597582181   1.858499597582181
20    6 3.499796448224776   -1.417471984049655   1.417471984049655
21    6 3.500299251655922   -1.080918727534197   1.080918727534197
22    6 3.500682614642708   -0.824167666455423   0.824167666455423
23    6 3.500974883083041   -0.628340970242391   0.628340970242391
24    6 3.501197687094639   -0.479007823661220   0.479007823661220
25    6 3.501367527381688   -0.365144697268136   0.365144697268136
26    6 3.501496988872482   -0.278335405921609   0.278335405921609
27    6 3.501595668365004   -0.212157054597355   0.212157054597355
28    6 3.501670883087136   -0.161709486348059   0.161709486348059
29    6 3.501728211630864   -0.123255166110255   0.123255166110255
30    6 3.501771906751996   -0.093943853938924   0.093943853938924
31    6 3.501805210292004   -0.071602261880344   0.071602261880344
32    6 3.501830593374178   -0.054573448415397   0.054573448415397
33    6 3.501849939573050   -0.041594242742860   0.041594242742860
34    6 3.501864684577551   -0.031701724659797   0.031701724659797
35    6 3.501875922670592   -0.024161890569530   0.024161890569530
36    6 3.501884487903121   -0.018415252721582   0.018415252721582
37    6 3.501891015972976   -0.014035358119088   0.014035358119088
38    6 3.501895991392925   -0.010697162309782   0.010697162309782
39    6 3.501899783443937   -0.008152918815483   0.008152918815483
40    6 3.501902673579413   -0.006213799376610   0.006213799376610
41    6 3.501904876312763   -0.004735883542139   0.004735883542139
42    6 3.501906555137744   -0.003609479302042   0.003609479302042
43    6 3.501907834662643   -0.002750983021713   0.002750983021713
44    6 3.501908809858677   -0.002096675023381   0.002096675023381
45    6 3.501909553108832   -0.001597990615551   0.001597990615551
Giá trị nghiệm với sai số tuyệt đối 3e-06 là: 3.5019095531088325
m1 = 0.4669679910450819, M1 = 0.8563797052036898
delta_x = 2.3348399552254093e-08
 n  mrk           x_(n+1)         f(x_(n+1))  delta_x=|f(x_n)|
 0    4 3.109303785203571 -0.016015501450374 0.016015501450374
 1    4 3.134180605448197 -0.003699173691322 0.003699173691322
 2    4 3.139888637794978 -0.000851645144732 0.000851645144732
 3    4 3.141200769225595 -0.000195922987937 0.000195922987937
 4    4 3.141502522114125 -0.000045064722404 0.000045064722404
 5    4 3.141571923418169 -0.000010365032095 0.000010365032095
 6    4 3.141587885646036 -0.000002383969037 0.000002383969037
 7    4 3.141591556960693 -0.000000548314400 0.000000548314400
 8    4 3.141592401364576 -0.000000126112601 0.000000126112601
 9    4 3.141592595577870 -0.000000029005961 0.000000029005961
10    4 3.141592640247022 -0.000000006671385 0.000000006671385
Giá trị nghiệm với sai số tuyệt đối 5e-08 là: 3.1415926402470222
m1 = 5, M1 = 80
delta_x = 3.333333333333333e-08
 n  mrk           x_(n+1)         f(x_(n+1))  delta_x=|x_(n+1) - x_n|
 0    2 1.516129032258065 -8.989109037847472        0.516129032258065
 1    2 1.697443347951021 -2.907876413733710        0.181314315692957
 2    2 1.746572420096993 -0.747020411714363        0.049129072145971
 3    2 1.758594730993223 -0.179889751924819        0.012022310896231
 4    2 1.761455511582849 -0.042633986796407        0.002860780589626
 5    2 1.762131596806917 -0.010065952429237        0.000676085224068
 6    2 1.762291114562438 -0.002374452888258        0.000159517755521
 7    2 1.762328737176869 -0.000559989851265        0.000037622614431
 8    2 1.762337609745307 -0.000132061138423        0.000008872568438
 9    2 1.762339702124607 -0.000031143311904        0.000002092379300
10    2 1.762340195558835 -0.000007344349665        0.000000493434228
11    2 1.762340311922558 -0.000001731974969        0.000000116363723
12    2 1.762340339363931 -0.000000408441448        0.000000027441372
Giá trị nghiệm với sai số tuyệt đối 5e-07 là: 1.7623403393639305
m1 = 0.5074987564458371, M1 = 1.0764113099031596
delta_x = 4.460252752041862e-09
 n  mrk            x_(n+1)         f(x_(n+1))  delta_x=|x_(n+1) - x_n|
 0 -0.1 -0.312725808235359 -0.079248354484380        0.187274191764641
 1 -0.5 -0.414743318153092 -0.014744698476805        0.102017509917733
 2 -0.5 -0.430268039414401 -0.001696355068702        0.015524721261309
 3 -0.5 -0.432009528876521 -0.000183203510066        0.001741489462120
 4 -0.5 -0.432197087992088 -0.000019648493918        0.000187559115567
 5 -0.5 -0.432217197656640 -0.000002105717064        0.000020109664552
 6 -0.5 -0.432219352728558 -0.000000225650322        0.000002155071918
 7 -0.5 -0.432219583666999 -0.000000024180661        0.000000230938441
 8 -0.5 -0.432219608414325 -0.000000002591194        0.000000024747326
 9 -0.5 -0.432219611066243 -0.000000000277672        0.000000002651918
Giá trị nghiệm với sai số tuyệt đối 5e-09 là: -0.4322196110662426
m1 = 35, M1 = 311
sigma_x = 6.340579710144928e-05, m_1 = 35, M_1 = 311
 n  mrk            x_(n+1)        f(x_(n+1))  sigma_x=|x_(n+1)-x_n|/|x_n|
 0   -2 -2.048951048951049 5.138543296012815            0.464163822525597
 1   -3 -2.083576645173499 3.633621955959093            0.016618345335488
 2   -3 -2.107424311490581 2.500536154289734            0.011316025058197
 3   -3 -2.123539178923813 1.688293466358496            0.007588683831771
 4   -3 -2.134286084419477 1.125129162756630            0.005035363147479
 5   -3 -2.141389377440757 0.743280711796173            0.003317142176996
 6   -3 -2.146056434654608 0.488176034016396            0.002174713180179
 7   -3 -2.149110726939240 0.319399617813440            0.001421188888198
 8   -3 -2.151104380882693 0.208449064921011            0.000926804836237
 9   -3 -2.152403503655438 0.135816173304101            0.000603568415745
10   -3 -2.153249110020282 0.088396961042743            0.000392711814397
11   -3 -2.153799121682598 0.057493650009568            0.000255368133815
12   -3 -2.154156699761031 0.037377054699983            0.000165994460140
13   -3 -2.154389100090890 0.024291925274936            0.000107872960297
14   -3 -2.154540113681930 0.015784665211313            0.000070090870010
15   -3 -2.154638229509354 0.010255447141214            0.000045537030802
Giá trị nghiệm với sai số tương đối 0.0005 là: -2.154638229509354
m1 = 1.3678794411714423, M1 = 2.0
sigma_x = 0.0010819767068693264, m_1 = 1.3678794411714423, M_1 = 2.0
 n  mrk           x_(n+1)         f(x_(n+1))  sigma_x=|x_(n+1)-x_n|/|x_n|
 0    1 0.612699836780282 -0.070813947873171            1.000000000000000
 1    0 0.572181412090508 -0.007888272855300            0.070813947873171
 2    0 0.567703214235785 -0.000877391979772            0.007888272855300
 3    0 0.567205552633023 -0.000097572726128            0.000877391979772
Giá trị nghiệm với sai số tương đối 0.0005 là: 0.5672055526330225
m1 = 3.0734033330119694, M1 = 3.3068528194400546
sigma_x = 0.006582587479708893, m_1 = 3.0734033330119694, M_1 = 3.3068528194400546
 n  mrk           x_(n+1)         f(x_(n+1))  sigma_x=|x_(n+1)-x_n|/|x_n|
 0    1 0.316603075415845 -0.026280379774505            1.000000000000000
 1    0 0.308495691484825 -0.000437047622463            0.026280379774506
 2    0 0.308360923076534 -0.000007294904439            0.000437047622463
Giá trị nghiệm với sai số tương đối 0.0005 là: 0.308360923076534
