 n               x_n            f(x_n)  delta=q^n/(1-q) * |x_1-x_0|
 0 0.000000000000000 2.000000000000000                          NaN
 1 0.117647058823529 0.000022537480887            0.049019607843137
 2 0.117648384557699 0.000000001269874            0.014417531718570
 3 0.117648384632398 0.000000000000071            0.004240450505462
 4 0.117648384632402 0.000000000000000            0.001247191325136
Giá trị nghiệm với 9 chữ số thập phân là: 0.117648385
Sai số tương đối là: 0.0012471918251357945
 n               x_n            f(x_n)  delta_x = q/(1-q) * |x_n - x|
 0 0.000000000000000 2.000000000000000                            NaN
 1 0.117647058823529 0.000022537480887              0.049019607843137
 2 0.117648384557699 0.000000001269874              0.000000552389237
 3 0.117648384632398 0.000000000000071              0.000000000031124
 4 0.117648384632402 0.000000000000000              0.000000000000002
Giá trị nghiệm với 9 chữ số thập phân là: 0.117648385
Sai số tương đối là: 5.000017520707108e-10
new_eps = 2.5816668673175056e-08
 n               x_n             f(x_n)  delta_x=|x_new - x|
 0 2.000000000000000 -0.040000000000000                  NaN
 1 1.960000000000000 -0.026202698209403    0.040000000000000
 2 1.933797301790597 -0.016974349187362    0.026202698209403
 3 1.916822952603235 -0.010916533309999    0.016974349187362
 4 1.905906419293236 -0.006987763380521    0.010916533309999
 5 1.898918655912715 -0.004459470883830    0.006987763380521
 6 1.894459185028885 -0.002840481955769    0.004459470883830
 7 1.891618703073116 -0.001807038263358    0.002840481955769
 8 1.889811664809758 -0.001148690650563    0.001807038263358
 9 1.888662974159196 -0.000729831934529    0.001148690650563
10 1.887933142224666 -0.000463559392009    0.000729831934529
11 1.887469582832657 -0.000294374856061    0.000463559392009
12 1.887175207976596 -0.000186913496486    0.000294374856061
13 1.886988294480110 -0.000118671230683    0.000186913496486
14 1.886869623249427 -0.000075340396859    0.000118671230683
15 1.886794282852567 -0.000047829537960    0.000075340396859
16 1.886746453314607 -0.000030363754282    0.000047829537960
17 1.886716089560325 -0.000019275650262    0.000030363754282
18 1.886696813910063 -0.000012236549759    0.000019275650262
19 1.886684577360304 -0.000007767953567    0.000012236549759
20 1.886676809406737 -0.000004931202073    0.000007767953567
21 1.886671878204664 -0.000003130387138    0.000004931202073
22 1.886668747817526 -0.000001987205188    0.000003130387138
23 1.886666760612338 -0.000001261499261    0.000001987205188
24 1.886665499113077 -0.000000800812882    0.000001261499261
25 1.886664698300195 -0.000000508364190    0.000000800812882
26 1.886664189936005 -0.000000322714705    0.000000508364190
27 1.886663867221300 -0.000000204862514    0.000000322714705
28 1.886663662358785 -0.000000130048756    0.000000204862514
29 1.886663532310029 -0.000000082556236    0.000000130048756
30 1.886663449753793 -0.000000052407513    0.000000082556236
31 1.886663397346280 -0.000000033268805    0.000000052407513
32 1.886663364077475 -0.000000021119365    0.000000033268805
33 1.886663342958110 -0.000000013406780    0.000000021119365
Giá trị nghiệm với sai số tuyệt đối 5e-08 là: 1.8866633429581101
new_eps = 4.1708636204415086e-08
 n                x_n            f(x_n)  delta_x=|x_new - x|
 0 -2.000000000000000 4.000000000000000                  NaN
 1 -2.047672511079219 0.810432688346729    0.047672511079219
 2 -2.056810044249134 0.155338063888557    0.009137533169915
 3 -2.058543047191897 0.029461050026967    0.001733002942763
 4 -2.058871066946005 0.005576335819818    0.000328019754108
 5 -2.058933130426983 0.001055079176624    0.000062063480978
 6 -2.058944872401302 0.000199613563417    0.000011741974319
 7 -2.058947093870170 0.000037764970763    0.000002221468868
 8 -2.058947514149685 0.000007144751748    0.000000420279515
 9 -2.058947593662294 0.000001351714324    0.000000079512609
10 -2.058947608705269 0.000000255730555    0.000000015042975
Giá trị nghiệm với sai số tuyệt đối 1e-08 là: -2.058947608705269
new_eta = 4e-08
 n               x_n             f(x_n)  sigma_x=|x_n-x_(n-1)| / |x_n|
 0 0.000000000000000 -1.000000000000000                            NaN
 1 0.333333333333333  0.111111111111111              1.000000000000000
 2 0.300000000000000 -0.010000000000000              0.111111111111111
 3 0.303030303030303  0.000918273645546              0.010000000000000
 4 0.302752293577982 -0.000084167999327              0.000918273645547
 5 0.302777777777778  0.000007716049383              0.000084167999327
 6 0.302775441547519 -0.000000707353148              0.000007716049383
 7 0.302775655716832  0.000000064845254              0.000000707353148
 8 0.302775636083269 -0.000000005944565              0.000000064845254
 9 0.302775637883138  0.000000000544957              0.000000005944565
Giá trị nghiệm với sai số tương đối 1e-08 là: 0.3027756360832691
