
Ma trận A:
 10.0 -2.0 -5.0 -7.0 -9.0 -9.0
-10.0 -5.0 -7.0  7.0 -5.0  8.0
  6.0  6.0 -8.0  3.0 -8.0  9.0
  7.0 -1.0  8.0 -3.0 -7.0  0.0
  8.0  9.0  2.0  0.0 -5.0  0.0
 -9.0 -7.0  1.0 -2.0 -2.0 -3.0

Ma trận M = A^T * A:
 430.0  194.0   35.0 -125.0 -159.0  -89.0
 194.0  196.0    0.0   14.0  -29.0   53.0
  35.0    0.0  207.0  -64.0   76.0  -86.0
-125.0   14.0  -64.0  120.0   29.0  152.0
-159.0  -29.0   76.0   29.0  248.0  -25.0
 -89.0   53.0  -86.0  152.0  -25.0  235.0
Theta 2: -108.47441860465116
Kích thước 2:
 [[ 0.00420204 -0.00415916]
 [-0.00415916  0.00921876]] 

Theta 3: -201.85249978561015
Kích thước 3:
 [[ 0.0043092  -0.00426523 -0.00072861]
 [-0.00426523  0.00932375  0.00072117]
 [-0.00072861  0.00072117  0.00495411]] 

Theta 4: -28.571058228347155
Kích thước 4:
 [[ 0.01496363 -0.01619028  0.00344043  0.01931087]
 [-0.01619028  0.02267096 -0.00394506 -0.02161385]
 [ 0.00344043 -0.00394506  0.00658544  0.00755627]
 [ 0.01931087 -0.02161385  0.00755627  0.03500045]] 

Theta 5: -106.65300179638507
Kích thước 5:
 [[ 0.02606694 -0.02629327  0.00051205  0.02802791  0.01020328]
 [-0.02629327  0.03186375 -0.0012805  -0.02954556 -0.00928404]
 [ 0.00051205 -0.0012805   0.00735777  0.00525725 -0.00269101]
 [ 0.02802791 -0.02954556  0.00525725  0.04184406  0.00801044]
 [ 0.01020328 -0.00928404 -0.00269101  0.00801044  0.0093762 ]] 

Theta 6: -18.66271256916687
Kích thước 6:
 [[ 0.02935248 -0.02788308  0.0021065   0.04988769  0.00774149 -0.01326833]
 [-0.02788308  0.03263303 -0.00205202 -0.04012307 -0.00809283  0.00642028]
 [ 0.0021065  -0.00205202  0.00813154  0.01586562 -0.00388569 -0.00643902]
 [ 0.04988769 -0.04012307  0.01586562  0.18728415 -0.00836861 -0.08827844]
 [ 0.00774149 -0.00809283 -0.00388569 -0.00836861  0.01122076  0.00994166]
 [-0.01326833  0.00642028 -0.00643902 -0.08827844  0.00994166  0.05358278]] 

Kết quả nghịch đảo của A:
 [[0.039286241410789305 0.035504802304669125 -0.03971946013021134
  0.04634893649587548 -0.050622359005756595 -0.1423376318105535]
 [-0.03792235408592231 -0.059005209557597464 0.04707187877528935
  -0.06721176605642518 0.10699272411210667 0.09763547309670746]
 [-0.03362569902641961 0.011250020499308261 -0.043994249260658105
  0.06145282699130296 0.03407531719263313 -0.001105596037893522]
 [0.05862938890194658 0.23728359563337098 -0.2340419716508212
  0.012989728479827017 0.11156816976706992 -0.24525782663598006]
 [-0.018852530707963985 -0.044901685316481574 0.003580545882918687
  -0.022241749711643194 -0.07477874413036428 -0.052438597737969855]
 [-0.06709970317001251 -0.09334018465776889 0.14830019734000865
  0.04443293446234346 -0.11095045727123942 0.06395920910934519]]
